A = [1 1 1; 0 0.5 1; 0 0.25 1];
b = [0.7870574130894931741;
0.3350646324430246459;
0.198161405916994604];

w = A\b