actual = 3.141592653589793116;
trap = [2.467401100272339942; 
2.978416600045890039; 
3.069488756289240339; 
3.101115748578475717; 
3.115711486831070687; 
3.123628675856030767; 
3.128398635732497102; 
3.131492973204829777; 
3.133613736444858411; 
3.135130354632307714; 
3.136252292076851411; 
3.137105510211528614; 
3.137769450413261829; 
3.138296226702958158; 
3.138721177183166233; 
3.139068950903211697; 
3.139357165583313236; 
3.139598684143269036; 
3.139803075488549755; 
3.139977577295334665];

simp3 = [3.289868133696452812; 
3.148755099970406146; 
3.142948548758311311; 
3.142015464756004128; 
3.141764682985922263; 
3.141675315711627281; 
3.141637175536328375; 
3.141618714746948537; 
3.14160890772801471; 
3.141603310566053686; 
3.141599928730585134; 
3.14159778833002834; 
3.141596380413193224; 
3.141595423693111844; 
3.1415947552335175; 
3.141594276802671448; 
3.141593927101016259; 
3.141593666709406207; 
3.141593469600690636; 
3.141593318183011352];

