blas_1 = [0.0000e+00  
0.0000e+00  
1.0204e+00  

5.1019e-03  
1.0204e-01  
1.0204e+00  

2.0408e-02  
2.0406e-01  
1.0199e+00  

4.5914e-02  
3.0600e-01  
1.0183e+00  

8.1605e-02  
4.0771e-01  
1.0152e+00  

1.2745e-01  
5.0902e-01  
1.0100e+00  

1.8340e-01  
6.0971e-01  
1.0023e+00  

2.4939e-01  
7.0948e-01  
9.9166e-01  

3.2529e-01  
8.0803e-01  
9.7763e-01  

4.1098e-01  
9.0500e-01  
9.5991e-01  

5.0628e-01  
1.0000e+00  
9.3824e-01  

];

blas_2 = [0.0000e+00  
0.0000e+00  
5.4388e-01  

2.7194e-03  
5.4388e-02  
5.4388e-01  

1.0878e-02  
1.0877e-01  
5.4373e-01  

2.4474e-02  
1.6313e-01  
5.4329e-01  

4.3503e-02  
2.1743e-01  
5.4240e-01  

6.7958e-02  
2.7161e-01  
5.4093e-01  

9.7823e-02  
3.2561e-01  
5.3873e-01  

1.3308e-01  
3.7935e-01  
5.3566e-01  

1.7369e-01  
4.3274e-01  
5.3161e-01  

2.1962e-01  
4.8567e-01  
5.2644e-01  

2.7082e-01  
5.3802e-01  
5.2005e-01  

3.2722e-01  
5.8968e-01  
5.1237e-01  

3.8875e-01  
6.4049e-01  
5.0330e-01  

4.5532e-01  
6.9033e-01  
4.9282e-01  

5.2682e-01  
7.3906e-01  
4.8089e-01  

6.0313e-01  
7.8651e-01  
4.6752e-01  

6.8412e-01  
8.3256e-01  
4.5273e-01  

7.6964e-01  
8.7706e-01  
4.3659e-01  

8.5952e-01  
9.1988e-01  
4.1918e-01  

9.5361e-01  
9.6089e-01  
4.0062e-01  

1.0517e+00  
1.0000e+00  
3.8104e-01  

];

blas_5 = [0.0000e+00  
0.0000e+00  
3.3600e-01  

1.6800e-03  
3.3600e-02  
3.3600e-01  

6.7200e-03  
6.7198e-02  
3.3594e-01  

1.5120e-02  
1.0079e-01  
3.3577e-01  

2.6877e-02  
1.3435e-01  
3.3543e-01  

4.1989e-02  
1.6787e-01  
3.3487e-01  

6.0451e-02  
2.0132e-01  
3.3403e-01  

8.2254e-02  
2.3468e-01  
3.3285e-01  

1.0739e-01  
2.6789e-01  
3.3129e-01  

1.3583e-01  
3.0093e-01  
3.2930e-01  

1.6757e-01  
3.3375e-01  
3.2682e-01  

2.0258e-01  
3.6630e-01  
3.2382e-01  

2.4083e-01  
3.9852e-01  
3.2027e-01  

2.8228e-01  
4.3035e-01  
3.1612e-01  

3.2690e-01  
4.6174e-01  
3.1135e-01  

3.7463e-01  
4.9262e-01  
3.0595e-01  

4.2542e-01  
5.2293e-01  
2.9990e-01  

4.7921e-01  
5.5260e-01  
2.9320e-01  

5.3594e-01  
5.8157e-01  
2.8586e-01  

5.9552e-01  
6.0977e-01  
2.7789e-01  

6.5789e-01  
6.3714e-01  
2.6933e-01  

7.2295e-01  
6.6363e-01  
2.6019e-01  

7.9062e-01  
6.8918e-01  
2.5054e-01  

8.6079e-01  
7.1374e-01  
2.4041e-01  

9.3336e-01  
7.3727e-01  
2.2987e-01  

1.0082e+00  
7.5972e-01  
2.1898e-01  

1.0853e+00  
7.8106e-01  
2.0782e-01  

1.1645e+00  
8.0128e-01  
1.9645e-01  

1.2456e+00  
8.2035e-01  
1.8497e-01  

1.3285e+00  
8.3827e-01  
1.7345e-01  

1.4132e+00  
8.5504e-01  
1.6196e-01  

1.4995e+00  
8.7067e-01  
1.5059e-01  

1.5873e+00  
8.8516e-01  
1.3941e-01  

1.6766e+00  
8.9855e-01  
1.2849e-01  

1.7671e+00  
9.1086e-01  
1.1790e-01  

1.8587e+00  
9.2213e-01  
1.0769e-01  

1.9515e+00  
9.3240e-01  
9.7916e-02  

2.0452e+00  
9.4171e-01  
8.8614e-02  

2.1398e+00  
9.5012e-01  
7.9822e-02  

2.2352e+00  
9.5768e-01  
7.1562e-02  

2.3314e+00  
9.6443e-01  
6.3853e-02  

2.4281e+00  
9.7045e-01  
5.6701e-02  

2.5255e+00  
9.7577e-01  
5.0109e-02  

2.6233e+00  
9.8047e-01  
4.4069e-02  

2.7216e+00  
9.8458e-01  
3.8569e-02  

2.8202e+00  
9.8818e-01  
3.3592e-02  

2.9192e+00  
9.9130e-01  
2.9114e-02  

3.0185e+00  
9.9400e-01  
2.5109e-02  

3.1180e+00  
9.9632e-01  
2.1549e-02  

3.2177e+00  
9.9831e-01  
1.8404e-02  

3.3177e+00  
1.0000e+00  
1.5640e-02  

];

blas_7 = [0.0000e+00  
0.0000e+00  
3.3193e-01  

1.6597e-03  
3.3193e-02  
3.3193e-01  

6.6386e-03  
6.6385e-02  
3.3188e-01  

1.4937e-02  
9.9567e-02  
3.3171e-01  

2.6552e-02  
1.3273e-01  
3.3138e-01  

4.1481e-02  
1.6584e-01  
3.3083e-01  

5.9720e-02  
1.9889e-01  
3.3001e-01  

8.1259e-02  
2.3184e-01  
3.2886e-01  

1.0609e-01  
2.6466e-01  
3.2734e-01  

1.3419e-01  
2.9731e-01  
3.2539e-01  

1.6555e-01  
3.2974e-01  
3.2297e-01  

2.0014e-01  
3.6190e-01  
3.2005e-01  

2.3793e-01  
3.9375e-01  
3.1657e-01  

2.7889e-01  
4.2522e-01  
3.1252e-01  

3.2297e-01  
4.5625e-01  
3.0786e-01  

3.7013e-01  
4.8679e-01  
3.0258e-01  

4.2033e-01  
5.1677e-01  
2.9667e-01  

4.7349e-01  
5.4612e-01  
2.9013e-01  

5.2955e-01  
5.7479e-01  
2.8295e-01  

5.8844e-01  
6.0271e-01  
2.7516e-01  

6.5009e-01  
6.2982e-01  
2.6677e-01  

7.1441e-01  
6.5607e-01  
2.5783e-01  

7.8130e-01  
6.8139e-01  
2.4837e-01  

8.5068e-01  
7.0574e-01  
2.3845e-01  

9.2245e-01  
7.2908e-01  
2.2811e-01  

9.9650e-01  
7.5136e-01  
2.1743e-01  

1.0727e+00  
7.7257e-01  
2.0647e-01  

1.1510e+00  
7.9266e-01  
1.9531e-01  

1.2313e+00  
8.1163e-01  
1.8402e-01  

1.3133e+00  
8.2946e-01  
1.7268e-01  

1.3971e+00  
8.4617e-01  
1.6137e-01  

1.4826e+00  
8.6174e-01  
1.5017e-01  

1.5695e+00  
8.7620e-01  
1.3914e-01  

1.6578e+00  
8.8957e-01  
1.2836e-01  

1.7474e+00  
9.0187e-01  
1.1789e-01  

1.8382e+00  
9.1315e-01  
1.0779e-01  

1.9300e+00  
9.2343e-01  
9.8111e-02  

2.0229e+00  
9.3277e-01  
8.8888e-02  

2.1166e+00  
9.4121e-01  
8.0159e-02  

2.2111e+00  
9.4880e-01  
7.1949e-02  

2.3064e+00  
9.5560e-01  
6.4276e-02  

2.4022e+00  
9.6165e-01  
5.7150e-02  

2.4987e+00  
9.6703e-01  
5.0571e-02  

2.5956e+00  
9.7177e-01  
4.4536e-02  

2.6930e+00  
9.7593e-01  
3.9032e-02  

2.7908e+00  
9.7957e-01  
3.4043e-02  

2.8890e+00  
9.8274e-01  
2.9549e-02  

2.9874e+00  
9.8548e-01  
2.5523e-02  

3.0861e+00  
9.8784e-01  
2.1939e-02  

3.1849e+00  
9.8987e-01  
1.8766e-02  

3.2840e+00  
9.9159e-01  
1.5974e-02  

3.3833e+00  
9.9306e-01  
1.3531e-02  

3.4826e+00  
9.9430e-01  
1.1406e-02  

3.5821e+00  
9.9534e-01  
9.5678e-03  

3.6817e+00  
9.9621e-01  
7.9867e-03  

3.7814e+00  
9.9694e-01  
6.6343e-03  

3.8811e+00  
9.9754e-01  
5.4841e-03  

3.9809e+00  
9.9803e-01  
4.5112e-03  

4.0807e+00  
9.9844e-01  
3.6929e-03  

4.1806e+00  
9.9877e-01  
3.0083e-03  

4.2805e+00  
9.9904e-01  
2.4388e-03  

4.3804e+00  
9.9926e-01  
1.9674e-03  

4.4803e+00  
9.9943e-01  
1.5795e-03  

4.5803e+00  
9.9957e-01  
1.2620e-03  

4.6802e+00  
9.9968e-01  
1.0034e-03  

4.7802e+00  
9.9977e-01  
7.9393e-04  

4.8802e+00  
9.9984e-01  
6.2518e-04  

4.9802e+00  
9.9990e-01  
4.8994e-04  

5.0802e+00  
9.9994e-01  
3.8211e-04  

5.1802e+00  
9.9997e-01  
2.9658e-04  

5.2802e+00  
1.0000e+00  
2.2910e-04  

];

