blas_1 = [0.0000e+00  
0.0000e+00  
1.0212e+00  

5.1058e-03  
1.0211e-01  
1.0211e+00  

2.0422e-02  
2.0420e-01  
1.0205e+00  

4.5942e-02  
3.0617e-01  
1.0188e+00  

8.1648e-02  
4.0791e-01  
1.0156e+00  

1.2751e-01  
5.0923e-01  
1.0104e+00  

1.8347e-01  
6.0989e-01  
1.0026e+00  

2.4946e-01  
7.0964e-01  
9.9182e-01  

3.2536e-01  
8.0815e-01  
9.7771e-01  

4.1103e-01  
9.0506e-01  
9.5992e-01  

5.0631e-01  
1.0000e+00  
9.3819e-01  

];

blas_2 = [0.0000e+00  
0.0000e+00  
5.4427e-01  

2.7214e-03  
5.4427e-02  
5.4425e-01  

1.0885e-02  
1.0884e-01  
5.4407e-01  

2.4489e-02  
1.6323e-01  
5.4361e-01  

4.3529e-02  
2.1755e-01  
5.4269e-01  

6.7996e-02  
2.7175e-01  
5.4120e-01  

9.7873e-02  
3.2577e-01  
5.3897e-01  

1.3314e-01  
3.7952e-01  
5.3588e-01  

1.7376e-01  
4.3291e-01  
5.3179e-01  

2.1971e-01  
4.8584e-01  
5.2660e-01  

2.7091e-01  
5.3819e-01  
5.2019e-01  

3.2732e-01  
5.8983e-01  
5.1248e-01  

3.8885e-01  
6.4064e-01  
5.0340e-01  

4.5541e-01  
6.9046e-01  
4.9289e-01  

5.2691e-01  
7.3917e-01  
4.8095e-01  

6.0321e-01  
7.8660e-01  
4.6756e-01  

6.8418e-01  
8.3263e-01  
4.5276e-01  

7.6968e-01  
8.7711e-01  
4.3660e-01  

8.5955e-01  
9.1991e-01  
4.1919e-01  

9.5360e-01  
9.6091e-01  
4.0062e-01  

1.0517e+00  
1.0000e+00  
3.8103e-01  

];

blas_5 = [0.0000e+00  
0.0000e+00  
3.3615e-01  

1.6808e-03  
3.3615e-02  
3.3614e-01  

6.7229e-03  
6.7227e-02  
3.3608e-01  

1.5126e-02  
1.0083e-01  
3.3590e-01  

2.6887e-02  
1.3440e-01  
3.3555e-01  

4.2004e-02  
1.6793e-01  
3.3498e-01  

6.0471e-02  
2.0139e-01  
3.3413e-01  

8.2278e-02  
2.3474e-01  
3.3294e-01  

1.0741e-01  
2.6796e-01  
3.3137e-01  

1.3586e-01  
3.0100e-01  
3.2936e-01  

1.6761e-01  
3.3382e-01  
3.2688e-01  

2.0262e-01  
3.6636e-01  
3.2387e-01  

2.4087e-01  
3.9857e-01  
3.2031e-01  

2.8232e-01  
4.3040e-01  
3.1615e-01  

3.2693e-01  
4.6178e-01  
3.1137e-01  

3.7466e-01  
4.9266e-01  
3.0596e-01  

4.2545e-01  
5.2295e-01  
2.9991e-01  

4.7923e-01  
5.5262e-01  
2.9320e-01  

5.3595e-01  
5.8157e-01  
2.8586e-01  

5.9552e-01  
6.0977e-01  
2.7789e-01  

6.5787e-01  
6.3713e-01  
2.6932e-01  

7.2292e-01  
6.6361e-01  
2.6019e-01  

7.9056e-01  
6.8915e-01  
2.5053e-01  

8.6071e-01  
7.1370e-01  
2.4040e-01  

9.3327e-01  
7.3722e-01  
2.2986e-01  

1.0081e+00  
7.5966e-01  
2.1897e-01  

1.0852e+00  
7.8100e-01  
2.0781e-01  

1.1643e+00  
8.0122e-01  
1.9644e-01  

1.2454e+00  
8.2029e-01  
1.8496e-01  

1.3283e+00  
8.3821e-01  
1.7344e-01  

1.4130e+00  
8.5498e-01  
1.6195e-01  

1.4993e+00  
8.7060e-01  
1.5058e-01  

1.5871e+00  
8.8510e-01  
1.3940e-01  

1.6762e+00  
8.9849e-01  
1.2848e-01  

1.7667e+00  
9.1080e-01  
1.1788e-01  

1.8584e+00  
9.2208e-01  
1.0767e-01  

1.9511e+00  
9.3235e-01  
9.7889e-02  

2.0448e+00  
9.4167e-01  
8.8583e-02  

2.1394e+00  
9.5009e-01  
7.9785e-02  

2.2348e+00  
9.5765e-01  
7.1521e-02  

2.3309e+00  
9.6441e-01  
6.3806e-02  

2.4277e+00  
9.7043e-01  
5.6650e-02  

2.5250e+00  
9.7576e-01  
5.0053e-02  

2.6228e+00  
9.8046e-01  
4.4009e-02  

2.7210e+00  
9.8458e-01  
3.8505e-02  

2.8197e+00  
9.8817e-01  
3.3524e-02  

2.9187e+00  
9.9130e-01  
2.9044e-02  

3.0179e+00  
9.9400e-01  
2.5038e-02  

3.1174e+00  
9.9632e-01  
2.1478e-02  

3.2172e+00  
9.9831e-01  
1.8332e-02  

3.3171e+00  
1.0000e+00  
1.5569e-02  

];

blas_7 = [0.0000e+00  
0.0000e+00  
3.3210e-01  

1.6605e-03  
3.3209e-02  
3.3209e-01  

6.6418e-03  
6.6416e-02  
3.3202e-01  

1.4943e-02  
9.9610e-02  
3.3185e-01  

2.6563e-02  
1.3278e-01  
3.3151e-01  

4.1498e-02  
1.6590e-01  
3.3095e-01  

5.9742e-02  
1.9896e-01  
3.3012e-01  

8.1287e-02  
2.3192e-01  
3.2896e-01  

1.0612e-01  
2.6474e-01  
3.2743e-01  

1.3423e-01  
2.9739e-01  
3.2547e-01  

1.6559e-01  
3.2982e-01  
3.2304e-01  

2.0018e-01  
3.6198e-01  
3.2011e-01  

2.3798e-01  
3.9382e-01  
3.1662e-01  

2.7894e-01  
4.2529e-01  
3.1256e-01  

3.2302e-01  
4.5631e-01  
3.0790e-01  

3.7018e-01  
4.8685e-01  
3.0261e-01  

4.2037e-01  
5.1682e-01  
2.9669e-01  

4.7352e-01  
5.4616e-01  
2.9014e-01  

5.2958e-01  
5.7482e-01  
2.8296e-01  

5.8846e-01  
6.0273e-01  
2.7516e-01  

6.5010e-01  
6.2984e-01  
2.6678e-01  

7.1440e-01  
6.5607e-01  
2.5783e-01  

7.8128e-01  
6.8139e-01  
2.4837e-01  

8.5065e-01  
7.0573e-01  
2.3844e-01  

9.2239e-01  
7.2906e-01  
2.2811e-01  

9.9642e-01  
7.5134e-01  
2.1743e-01  

1.0726e+00  
7.7254e-01  
2.0647e-01  

1.1509e+00  
7.9263e-01  
1.9531e-01  

1.2311e+00  
8.1159e-01  
1.8402e-01  

1.3132e+00  
8.2943e-01  
1.7268e-01  

1.3970e+00  
8.4613e-01  
1.6137e-01  

1.4824e+00  
8.6170e-01  
1.5016e-01  

1.5693e+00  
8.7617e-01  
1.3913e-01  

1.6576e+00  
8.8954e-01  
1.2835e-01  

1.7471e+00  
9.0185e-01  
1.1788e-01  

1.8379e+00  
9.1313e-01  
1.0777e-01  

1.9297e+00  
9.2342e-01  
9.8084e-02  

2.0225e+00  
9.3276e-01  
8.8857e-02  

2.1163e+00  
9.4120e-01  
8.0123e-02  

2.2108e+00  
9.4880e-01  
7.1908e-02  

2.3060e+00  
9.5560e-01  
6.4230e-02  

2.4019e+00  
9.6166e-01  
5.7099e-02  

2.4983e+00  
9.6704e-01  
5.0515e-02  

2.5952e+00  
9.7179e-01  
4.4476e-02  

2.6926e+00  
9.7595e-01  
3.8968e-02  

2.7904e+00  
9.7960e-01  
3.3977e-02  

2.8885e+00  
9.8277e-01  
2.9480e-02  

2.9870e+00  
9.8551e-01  
2.5453e-02  

3.0856e+00  
9.8787e-01  
2.1868e-02  

3.1845e+00  
9.8990e-01  
1.8695e-02  

3.2836e+00  
9.9162e-01  
1.5904e-02  

3.3828e+00  
9.9309e-01  
1.3462e-02  

3.4822e+00  
9.9433e-01  
1.1339e-02  

3.5817e+00  
9.9537e-01  
9.5036e-03  

3.6813e+00  
9.9623e-01  
7.9256e-03  

3.7809e+00  
9.9696e-01  
6.5768e-03  

3.8807e+00  
9.9756e-01  
5.4304e-03  

3.9804e+00  
9.9805e-01  
4.4615e-03  

4.0803e+00  
9.9845e-01  
3.6472e-03  

4.1801e+00  
9.9878e-01  
2.9667e-03  

4.2800e+00  
9.9905e-01  
2.4012e-03  

4.3799e+00  
9.9927e-01  
1.9338e-03  

4.4799e+00  
9.9944e-01  
1.5496e-03  

4.5798e+00  
9.9958e-01  
1.2355e-03  

4.6798e+00  
9.9969e-01  
9.8021e-04  

4.7798e+00  
9.9978e-01  
7.7378e-04  

4.8797e+00  
9.9985e-01  
6.0777e-04  

4.9797e+00  
9.9990e-01  
4.7501e-04  

5.0797e+00  
9.9994e-01  
3.6939e-04  

5.1797e+00  
9.9997e-01  
2.8582e-04  

5.2797e+00  
1.0000e+00  
2.2006e-04  

];

