heun_err = [0.0000e+00  
3.5496e-04  
8.2875e-04  
1.4987e-03  
2.4724e-03  
3.9014e-03  
6.0005e-03  
9.0753e-03  
1.3559e-02  
2.0068e-02  
2.9473e-02  
4.3008e-02  
6.2411e-02  
9.0134e-02  
1.2962e-01  
1.8572e-01  
2.6521e-01  
3.7759e-01  
5.3614e-01  
7.5944e-01  
1.0734e+00  
];
heun_sol = [0.0000e+00  
6.1070e-03  
2.7642e-02  
7.2643e-02  
1.5325e-01  
2.8752e-01  
5.0202e-01  
8.3556e-01  
1.3444e+00  
2.1098e+00  
3.2486e+00  
4.9277e+00  
7.3857e+00  
1.0962e+01  
1.6137e+01  
2.3592e+01  
3.4290e+01  
4.9585e+01  
7.1387e+01  
1.0238e+02  
1.4631e+02  
];
modeuler_err = [0.0000e+00  
9.9724e-04  
2.3422e-03  
4.2336e-03  
6.9498e-03  
1.0884e-02  
1.6594e-02  
2.4870e-02  
3.6830e-02  
5.4059e-02  
7.8791e-02  
1.1418e-01  
1.6466e-01  
2.3647e-01  
3.3836e-01  
4.8260e-01  
6.8633e-01  
9.7354e-01  
1.3777e+00  
1.9455e+00  
2.7420e+00  
];
modeuler_sol = [0.0000e+00  
6.7493e-03  
2.9155e-02  
7.5378e-02  
1.5773e-01  
2.9450e-01  
5.1261e-01  
8.5135e-01  
1.3677e+00  
2.1438e+00  
3.2979e+00  
4.9989e+00  
7.4879e+00  
1.1108e+01  
1.6346e+01  
2.3889e+01  
3.4711e+01  
5.0181e+01  
7.2229e+01  
1.0356e+02  
1.4798e+02  
];
mideuler_err = [0.0000e+00  
5.7117e-05  
1.2554e-04  
2.2568e-04  
3.8471e-04  
6.4045e-04  
1.0466e-03  
1.6802e-03  
2.6520e-03  
4.1214e-03  
6.3170e-03  
9.5656e-03  
1.4334e-02  
2.1287e-02  
3.1366e-02  
4.5908e-02  
6.6798e-02  
9.6698e-02  
1.3936e-01  
2.0003e-01  
2.8612e-01  
];
mideuler_sol = [0.0000e+00  
5.8092e-03  
2.6938e-02  
7.1370e-02  
1.5116e-01  
2.8426e-01  
4.9707e-01  
8.2816e-01  
1.3335e+00  
2.0939e+00  
3.2254e+00  
4.8943e+00  
7.3376e+00  
1.0893e+01  
1.6039e+01  
2.3452e+01  
3.4091e+01  
4.9305e+01  
7.0991e+01  
1.0182e+02  
1.4552e+02  
];
rk4_err = [0.0000e+00  
2.5773e-06  
5.9688e-06  
1.0637e-05  
1.7225e-05  
2.6637e-05  
4.0146e-05  
5.9548e-05  
8.7378e-05  
1.2721e-04  
1.8408e-04  
2.6505e-04  
3.8007e-04  
5.4306e-04  
7.7352e-04  
1.0987e-03  
1.5568e-03  
2.2009e-03  
3.1050e-03  
4.3724e-03  
6.1466e-03  
];
rk4_sol = [0.0000e+00  
5.7546e-03  
2.6819e-02  
7.1155e-02  
1.5080e-01  
2.8364e-01  
4.9606e-01  
8.2654e-01  
1.3309e+00  
2.0899e+00  
3.2193e+00  
4.8850e+00  
7.3237e+00  
1.0872e+01  
1.6008e+01  
2.3408e+01  
3.4026e+01  
4.9210e+01  
7.0854e+01  
1.0162e+02  
1.4524e+02  
];
p1_analytic = [0.0000e+00  
5.7521e-03  
2.6813e-02  
7.1145e-02  
1.5078e-01  
2.8362e-01  
4.9602e-01  
8.2648e-01  
1.3309e+00  
2.0898e+00  
3.2191e+00  
4.8847e+00  
7.3233e+00  
1.0872e+01  
1.6007e+01  
2.3406e+01  
3.4025e+01  
4.9208e+01  
7.0851e+01  
1.0162e+02  
1.4524e+02  
];
ab2_err = [0.0000e+00  
2.2415e-07  
1.2459e-03  
1.8685e-03  
2.2326e-03  
2.4517e-03  
2.5877e-03  
2.6744e-03  
2.7310e-03  
2.7689e-03  
2.7950e-03  
2.8138e-03  
2.8279e-03  
2.8391e-03  
2.8487e-03  
2.8573e-03  
2.8654e-03  
2.8734e-03  
2.8816e-03  
2.8900e-03  
2.8986e-03  
];
ab2_sol = [1.0000e+00  
1.0043e+00  
1.0162e+00  
1.0317e+00  
1.0498e+00  
1.0697e+00  
1.0910e+00  
1.1133e+00  
1.1364e+00  
1.1600e+00  
1.1840e+00  
1.2084e+00  
1.2329e+00  
1.2577e+00  
1.2825e+00  
1.3075e+00  
1.3324e+00  
1.3574e+00  
1.3825e+00  
1.4074e+00  
1.4324e+00  
];
ab4_err = [0.0000e+00  
2.2415e-07  
3.1076e-07  
3.4637e-07  
1.9391e-04  
2.7386e-04  
3.2397e-04  
3.4434e-04  
3.5577e-04  
3.6145e-04  
3.6446e-04  
3.6596e-04  
3.6669e-04  
3.6707e-04  
3.6731e-04  
3.6755e-04  
3.6784e-04  
3.6823e-04  
3.6874e-04  
3.6936e-04  
3.7010e-04  
];
ab4_sol = [1.0000e+00  
1.0043e+00  
1.0150e+00  
1.0298e+00  
1.0477e+00  
1.0675e+00  
1.0888e+00  
1.1110e+00  
1.1340e+00  
1.1576e+00  
1.1816e+00  
1.2059e+00  
1.2305e+00  
1.2552e+00  
1.2800e+00  
1.3050e+00  
1.3299e+00  
1.3549e+00  
1.3799e+00  
1.4049e+00  
1.4299e+00  
];
ab5_err = [0.0000e+00  
2.2415e-07  
3.1076e-07  
3.4637e-07  
3.6099e-07  
9.2883e-05  
1.2814e-04  
1.5142e-04  
1.5683e-04  
1.6165e-04  
1.6330e-04  
1.6432e-04  
1.6462e-04  
1.6474e-04  
1.6477e-04  
1.6479e-04  
1.6484e-04  
1.6495e-04  
1.6512e-04  
1.6535e-04  
1.6564e-04  
];
ab5_sol = [1.0000e+00  
1.0043e+00  
1.0150e+00  
1.0298e+00  
1.0475e+00  
1.0672e+00  
1.0883e+00  
1.1105e+00  
1.1335e+00  
1.1571e+00  
1.1811e+00  
1.2054e+00  
1.2299e+00  
1.2547e+00  
1.2795e+00  
1.3044e+00  
1.3294e+00  
1.3544e+00  
1.3794e+00  
1.4044e+00  
1.4294e+00  
];
ab3_err = [0.0000e+00  
2.2415e-07  
3.1076e-07  
4.5584e-04  
6.6088e-04  
7.8357e-04  
8.4899e-04  
8.8592e-04  
9.0701e-04  
9.1928e-04  
9.2654e-04  
9.3095e-04  
9.3378e-04  
9.3578e-04  
9.3740e-04  
9.3890e-04  
9.4046e-04  
9.4215e-04  
9.4403e-04  
9.4613e-04  
9.4846e-04  
];
ab3_sol = [1.0000e+00  
1.0043e+00  
1.0150e+00  
1.0294e+00  
1.0469e+00  
1.0665e+00  
1.0876e+00  
1.1098e+00  
1.1327e+00  
1.1563e+00  
1.1803e+00  
1.2046e+00  
1.2292e+00  
1.2539e+00  
1.2787e+00  
1.3037e+00  
1.3286e+00  
1.3536e+00  
1.3786e+00  
1.4036e+00  
1.4286e+00  
];
p2_analytic = [1.0000e+00  
1.0043e+00  
1.0150e+00  
1.0298e+00  
1.0475e+00  
1.0673e+00  
1.0884e+00  
1.1107e+00  
1.1337e+00  
1.1572e+00  
1.1812e+00  
1.2056e+00  
1.2301e+00  
1.2548e+00  
1.2797e+00  
1.3046e+00  
1.3296e+00  
1.3546e+00  
1.3796e+00  
1.4046e+00  
1.4295e+00  
];
